3937553269	
52431114	
487724139	
2143500673	
1624769096	
4135932094	
2606763820	
4356269995	
4862818041	
263407251	
894250632	
4981952028	
3175811619	
5994558748	
297631078	
3703358526	
1609930560	
2310772636	
1443374043	
5601698904	
2784450654	
4554874656	
8311275255	
146376626	
2841890017	
6669538107	
3966706184	
6292946648	
4233179814	
7188071870	
1975080866	
8056964240	
2657116015	
3496955143	
3357839613	
2608672233	
105613000	
1820916886	
5212828765	
6103549374	
7170258587	
2004770714	
5862203831	
6616813186	
4940252687	
5826034435	
5791310093	
6435224146	
4621331363	
3883871093	
268805692	
1277401863	
2885017426	
1334179558	
1777754140	
1426928865	
1765506462	
4117704766	
5389144750	
5021247206	
4534726680	
3414787126	
4523368098	
2879426014	
3874797157	
5990693688	
7548643900	
