5435489067	
6274548890	
5433787254	
6487395609	
6124914283	
5974719780	
6036584108	
6756516108	
5905388760	
5768283324	
5435187578	
6885555267	
5438542510	
6889953114	
6856336515	
5768709561	
5768586970	
5752967896	
6510893089	
5769440553	
6756175032	
6121582754	
5769368274	
6050320115	
7093659700	
6052986800	
6477139850	
7000286958	
6150860226	
6865488027	
7116610807	
6489578173	
5961089831	
6682934189	
6980838680	
6205523751	
6796296852	
5978873661	
6045549010	
6069967654	
6623860618	
5767860100	
7062739298	
6721039863	
5859270227	
7982736525	
7200998835	
7599237691	
5886521230	
6737147788	
5906594179	
7036085462	
6398949646	
6835032218	
6496860368	
5787887771	
6005335077	
7487566084	
7058667500	
5769883326	
7906124467	
5434437906	
5910109817	
7984639751	
7922386851	
6206332089	
6829826819	
6741195184	
6818650767	
5974343928	
5768195680	
