5917419975	
5465447669	
5993882288	
6605618301	
5480953745	
5563123860	
5605489417	
8238647831	
7680333453	
6747788242	
5822247961	
7941195911	
7941209228	
7662823090	
7662852973	
7947625660	
7947636498	
7689055780	
7178801417	
7980846417	
7926845224	
7662829717	
7662845214	
7966160317	
7698842682	
7662838198	
7680337054	
5698970723	
7698852274	
6614848248	
7974343220	
7680343386	
7668488145	
5691122419	
7680339106	
6761515552	
7680340945	
5879577381	
5592909583	
7726844558	
7680348726	
7001251920	
7680347353	
6574746131	
7680352203	
6897537711	
7668500152	
5699615651	
7954109079	
7941227998	
7941237437	
7689064437	
8274532416	
7974353332	
8002976851	
7689062719	
7689061401	
7680353334	
7955421001	
7972063705	
7955440452	
7955756537	
7680350318	
7941191386	
7689059888	
7947686438	
7947714394	
7689072587	
7971846471	
7947699236	
7974343555	
7953955916	
7974336363	
7941193384	
7971725564	
8158946861	
8158952405	
8133688953	
7971808496	
7971789192	
7689071054	
8133648419	
7689068468	
7689073845	
7899202849	
7955730453	
7971830796	
8158959424	
8158828155	
7947596287	
7974348643	
7974339989	
7953950009	
7953952819	
6278782695	
7974344135	
