3915998393	
5891077380	
3828344552	
4713618779	
3390016267	
3551926316	
3732567988	
3612987430	
4654239865	
4178452281	
3678194245	
5143808310	
5091516527	
3673321259	
4498867319	
3895588027	
6266870606	
3506641639	
5014103609	
3575069210	
3568515566	
3581631543	
4989074237	
4700058831	
5642335977	
5542296371	
3726600317	
4138227280	
4700289644	
6057725449	
3505345336	
3437448128	
4381977743	
3746581069	
3526052779	
3829992878	
4247404174	
3962347317	
3948259366	
3551180805	
4630156806	
3544355871	
6032373083	
4022112939	
5276371162	
6922275477	
3527439038	
4148791810	
5478826165	
3480305155	
7211246763	
6698352546	
3754320391	
4180120885	
3519352890	
4089235749	
4479211719	
4490064317	
4269924897	
5606373663	
5395186057	
4258584461	
3770912625	
4841919536	
6289708655	
5730323967	
5835118140	
3900190065	
3998673670	
4076680442	
3420339477	
3600513048	
3859056572	
3504262669	
3954017161	
